x_data,y_data
6,4
7,4
8,4
9,4
10,4
11,4
12,4
13,4
14,4
15,4
15,5
16,5
16,4
17,4
18,4
19,5
20,5
20,4
20,5
21,5
21,4
21,3
22,3
22,4
22,5
22,6
22,5
22,4
22,3
22,2
22,3
21,3
20,3
19,4
19,5
18,5
18,6
19,6
18,6
18,7
18,8
19,8
20,8
20,9
21,9
21,10
22,10
23,10
24,10
25,10
25,11
26,11
26,10
27,10
28,10
29,10
29,9
30,9
31,8
31,7
31,6
32,6
33,6
34,6
34,7
34,7
34,7
34,6
33,6
33,5
32,5
31,5
31,6
30,6
30,7
29,7
30,7
31,8
31,9
32,9
33,9
34,9
35,10
36,10
37,10
38,10
38,9
37,9
38,9
38,10
39,10
40,10
41,9
42,9
43,10
44,10
44,11
45,11
46,11
47,10
48,9
49,9
49,10
50,10
51,10
52,10
53,10
54,10
54,11
53,11
53,10
54,10
54,9
54,8
54,7
54,6
54,5
54,4
54,3
54,2
54,3
55,3
56,2
57,2
58,2
58,3
58,4
59,4
60,4
60,5
60,6
60,7
61,7
62,7
63,7
64,7
63,7
62,7
62,6
61,6
61,5
62,4
62,5
62,4
63,4
64,4
65,4
66,4
67,3
67,2
67,1
66,1
67,1
67,2
67,3
66,3
66,4
65,4
64,4
63,4
62,4
61,4
60,3
59,2
59,1
58,1
57,1
56,1
55,1
54,2
54,3
54,4
54,5
54,6
54,7
54,8
54,9
54,10
53,10
52,10
51,10
50,9
49,9
48,9
47,9
46,10
45,10
44,10
43,10
42,10
42,9
41,9
41,10
41,11
41,12
41,13
41,14
41,15
41,14
42,14
41,14
41,15
41,14
41,13
41,12
41,11
40,11
39,11
38,11
37,10
38,10
38,9
37,9
37,8
37,7
38,6
38,5
38,4
38,3
39,3
39,2
40,2
40,3
41,3
42,4
42,5
43,5
44,6
45,6
45,5
44,5
44,4
44,3
44,2
45,2
45,1
46,1
47,1
48,1
49,1
50,1
51,1
51,2
51,3
51,4
50,4
50,4
50,4
49,4
49,4
49,4
49,5
49,6
49,6
49,6
49,5
48,5
47,5
46,4
45,4
44,4
43,4
42,3
41,3
40,3
39,2
38,3
38,4
38,5
37,6
37,7
38,7
37,7
37,8
37,9
36,9
35,10
34,9
33,9
33,8
33,9
32,9
32,10
31,10
32,10
33,10
34,11
35,11
35,12
36,12
36,13
36,14
36,15
36,16
36,17
37,17
38,17
38,18
39,18
40,18
41,18
42,18
43,18
44,18
45,19
45,20
45,21
45,22
45,23
45,24
45,24
45,24
44,24
44,25
44,24
43,24
42,24
43,24
44,24
45,23
45,22
45,21
44,21
44,20
44,19
44,20
43,20
42,20
41,20
41,20
41,20
42,20
42,21
42,20
43,20
44,20
45,20
45,21
46,21
47,21
48,21
49,21
49,22
50,22
51,22
52,21
51,21
50,21
50,22
50,21
51,21
51,22
52,22
53,22
54,22
55,22
56,22
57,22
58,22
58,23
59,23
59,24
58,25
58,26
58,25
58,26
57,26
56,26
55,26
55,25
55,26
54,27
53,26
52,26
51,26
50,26
50,27
49,27
48,27
48,28
48,29
48,30
48,31
48,32
48,33
48,33
48,33
49,33
49,32
49,31
48,31
48,32
48,33
49,33
50,33
50,34
51,34
52,34
53,34
53,33
54,33
54,32
54,31
55,31
55,30
55,29
55,28
55,27
55,26
56,26
57,26
57,27
58,27
58,28
58,29
59,30
59,31
59,32
60,32
61,32
61,33
62,33
63,33
63,32
64,32
64,31
65,31
65,31
65,31
64,31
63,31
63,30
62,30
62,29
62,28
62,27
62,26
62,25
62,24
62,23
62,22
62,21
62,20
62,19
62,18
62,17
62,16
63,16
64,15
65,15
65,14
66,14
67,14
68,14
68,15
69,15
69,16
69,17
68,17
67,16
67,17
67,17
67,17
68,17
68,16
69,16
69,15
70,16
71,16
72,16
71,17
71,18
72,19
72,20
71,20
71,21
71,22
71,23
72,23
72,24
73,24
74,25
74,26
74,25
74,24
73,24
73,25
74,25
75,25
76,25
77,25
78,25
79,25
80,25
81,25
82,25
82,24
82,23
81,23
81,22
82,21
82,20
81,20
80,19
81,19
81,18
81,18
81,18
80,19
80,18
79,18
79,19
80,19
81,19
81,20
81,21
80,21
79,21
79,21
79,21
80,21
80,20
81,20
82,20
82,21
82,22
83,22
83,23
83,24
82,24
81,25
80,25
79,25
78,25
77,25
76,25
75,25
74,25
73,24
73,23
73,22
74,22
74,23
74,24
74,25
75,25
76,25
77,25
78,25
79,25
80,25
81,25
82,25
82,25
82,25
82,24
82,23
82,22
83,22
83,22
83,22
82,23
82,24
82,25
81,25
81,24
80,24
80,25
79,25
78,25
77,25
76,25
75,25
74,25
73,25
73,24
72,24
72,23
72,22
72,21
73,20
73,19
74,19
73,19
73,20
73,21
73,22
73,23
73,24
73,25
73,26
73,27
73,28
73,29
73,30
73,31
73,32
73,33
73,34
73,35
73,36
73,37
74,37
74,38
75,38
75,39
76,39
76,40
76,41
76,42
76,43
77,43
77,44
76,45
76,46
77,47
78,47
79,47
79,48
80,48
80,48
80,48
80,47
80,46
80,45
80,44
80,43
81,43
81,42
82,42
82,42
82,42
81,42
80,43
79,43
79,44
79,45
80,45
79,46
79,47
78,47
77,47
76,46
76,45
77,45
77,44
76,43
76,42
76,41
76,40
76,39
76,38
76,37
76,36
76,35
76,34
76,33
76,32
76,31
76,30
77,30
77,29
77,28
78,28
78,27
79,27
80,27
81,27
82,27
82,27
82,27
82,28
82,27
81,27
80,27
80,28
80,29
79,29
80,30
80,31
80,32
80,33
81,33
81,33
81,33
81,32
80,32
80,31
79,31
80,31
80,30
80,29
79,29
79,28
79,27
78,28
78,29
77,29
76,30
76,31
76,32
76,33
76,34
76,35
76,36
76,37
76,38
76,39
75,39
75,38
74,38
73,37
73,38
72,38
71,39
70,38
69,37
68,38
68,39
67,39
68,39
67,39
67,40
67,41
67,42
67,43
67,44
67,45
67,46
67,47
67,48
68,48
69,48
70,48
70,47
69,47
68,47
68,46
68,45
67,44
67,43
67,42
67,41
67,40
67,39
67,38
67,37
66,37
66,38
65,38
64,38
63,38
62,38
61,38
61,37
60,37
59,37
58,37
58,38
59,39
60,39
59,39
58,39
58,40
58,41
58,42
58,43
58,44
58,45
58,46
59,46
59,47
60,47
61,47
62,47
62,48
63,48
62,48
62,48
62,48
61,47
61,46
62,46
62,45
62,44
62,43
62,44
62,43
62,42
63,42
62,42
62,43
61,43
61,44
61,45
62,46
61,46
60,46
59,46
59,45
59,44
59,43
58,43
58,42
58,41
58,40
58,39
58,38
58,37
59,37
59,36
58,36
57,37
56,37
56,38
55,38
54,38
54,37
53,37
52,37
51,37
50,37
50,38
50,39
49,39
49,40
49,41
49,42
49,43
49,44
49,45
49,46
49,47
50,47
50,48
51,48
52,48
51,48
50,48
50,47
51,46
50,46
49,46
49,45
49,44
50,44
50,43
50,42
50,41
49,41
49,40
49,39
49,38
48,38
47,38
46,38
45,38
44,37
44,36
45,36
44,36
44,37
43,37
42,37
41,37
41,38
40,38
40,39
40,40
40,41
40,42
40,43
40,44
40,45
40,46
41,46
41,47
42,47
43,47
43,46
42,46
41,46
41,45
41,44
41,45
41,46
41,47
42,48
42,47
43,47
43,46
44,46
44,45
43,45
43,44
43,43
43,44
43,45
43,46
42,47
41,47
41,46
41,45
40,45
40,44
41,44
41,45
41,46
41,47
40,48
40,47
39,47
38,47
38,48
37,48
37,48
37,48
36,48
35,48
34,48
34,47
33,47
33,46
32,46
32,47
31,47
30,47
29,47
29,48
28,48
28,49
27,49
28,48
28,48
28,48
28,47
28,48
27,48
27,47
27,46
27,45
26,45
26,44
26,43
26,44
26,43
26,43
26,43
26,44
25,44
25,45
25,46
24,46
23,46
22,46
22,47
22,48
22,47
22,46
23,46
23,45
22,45
22,44
22,43
22,42
22,41
22,42
22,43
22,44
23,45
23,46
23,47
22,47
22,48
22,47
22,46
22,47
21,47
20,47
19,47
19,48
18,48
17,48
17,47
17,47
17,47
17,46
16,46
16,45
17,45
17,44
17,43
18,43
18,42
17,42
17,43
16,44
17,45
17,46
16,46
15,46
14,46
13,46
13,45
13,44
13,43
13,42
13,41
13,40
13,39
13,38
13,37
12,37
11,37
10,36
9,36
8,36
7,36
6,36
5,36
6,37
5,38
4,38
4,39
5,39
4,39
4,40
4,41
4,42
4,43
4,44
4,45
5,45
5,46
6,47
7,47
8,47
7,47
6,47
5,46
5,45
4,44
4,43
4,42
5,41
4,41
4,40
4,39
4,38
4,37
5,37
5,38
6,38
7,38
8,38
9,38
10,38
11,38
12,38
13,37
14,37
15,37
16,37
17,37
18,37
19,37
19,38
20,38
20,39
21,39
22,39
22,38
23,37
24,37
24,36
25,36
26,36
27,36
26,36
25,36
25,35
25,34
25,33
24,32
24,31
24,30
25,30
25,29
24,29
24,28
24,27
24,26
24,25
23,25
23,25
23,25
24,25
25,25
25,24
26,24
25,23
25,22
25,21
25,20
25,19
25,18
26,18
26,17
25,17
25,16
25,15
25,14
26,14
25,14
25,13
25,12
25,11
25,10
26,10
26,9
26,10
27,10
27,11
28,11
29,11
29,10
30,10
30,9
30,8
30,7
30,6
29,6
29,5
29,4
29,3
29,3
29,3
29,2
30,2
31,2
32,2
33,2
34,2
34,2
34,2
34,3
34,4
34,5
33,5
33,6
32,7
31,8
32,9
31,9
31,10
30,10
29,10
28,9
27,9
27,10
26,10
25,10
24,10
25,9
26,10
27,10
28,10
29,10
30,10
31,9
31,10
32,11
33,11
34,10
35,11
36,11
36,12
35,12
35,13
36,14
36,15
36,16
35,17
36,18
36,19
36,20
36,21
36,22
36,23
37,23
37,24
37,25
37,26
37,27
37,28
36,29
36,30
36,31
37,32
37,33
36,33
36,34
36,35
37,35
37,36
36,36
36,37
36,36
37,36
37,35
36,34
36,33
36,32
37,31
37,30
37,29
37,28
37,27
36,26
36,25
36,24
36,23
35,23
35,22
35,21
35,20
35,19
36,18
37,18
37,17
38,17
37,16
37,15
37,14
37,13
36,13
36,12
35,12
34,11
33,11
32,11
31,11
30,10
29,10
28,9
27,10
26,11
26,12
25,12
25,13
25,14
24,14
23,14
22,14
22,15
21,15
20,14
19,14
18,14
17,15
17,16
17,17
17,18
17,19
17,20
17,21
17,22
17,23
17,24
17,25
17,26
17,27
17,28
17,29
17,30
17,31
17,32
17,33
18,32
18,33
19,33
20,33
21,33
22,33